name: AI_X_env
channels:
  - pytorch
  - defaults
dependencies:
  - blas=1.0=mkl
  - bottleneck=1.4.2=py310h540bb41_1
  - brotlicffi=1.2.0.0=py310h885b0b7_0
  - bzip2=1.0.8=h2bbff1b_6
  - ca-certificates=2026.3.19=haa95532_0
  - cffi=2.0.0=py310h02ab6af_1
  - charset-normalizer=3.4.4=py310haa95532_0
  - freetype=2.14.1=hfbffc0b_0
  - giflib=5.2.2=h7edc060_0
  - gmp=6.3.0=h537511b_0
  - gmpy2=2.2.2=py310h8598115_0
  - icc_rt=2022.1.0=h6049295_2
  - idna=3.11=py310haa95532_0
  - intel-openmp=2023.1.0=h59b6b97_46320
  - jinja2=3.1.6=py310haa95532_0
  - joblib=1.5.3=py310haa95532_0
  - jpeg=9f=ha349fce_0
  - lcms2=2.16=hb4a4139_0
  - lerc=3.0=hd77b12b_0
  - libdeflate=1.17=h2bbff1b_1
  - libexpat=2.7.5=hd7fb8db_0
  - libffi=3.4.4=hd77b12b_1
  - libjpeg-turbo=2.0.0=h196d8e1_0
  - libpng=1.6.56=h2854ad3_0
  - libtiff=4.5.1=hd77b12b_0
  - libuv=1.52.0=hd0d7782_0
  - libwebp=1.3.2=hbc33d0d_0
  - libwebp-base=1.3.2=h3d04722_1
  - libzlib=1.3.1=h02ab6af_0
  - lz4-c=1.9.4=h2bbff1b_1
  - mkl=2023.1.0=h6b88ed4_46358
  - mkl-service=2.4.0=py310h827c3e9_2
  - mkl_fft=1.3.11=py310h827c3e9_0
  - mkl_random=1.2.8=py310hc64d2fc_0
  - mpc=1.3.1=h827c3e9_0
  - mpfr=4.2.1=h56c3642_0
  - mpmath=1.3.0=py310haa95532_0
  - networkx=3.4.2=py310haa95532_0
  - numexpr=2.11.0=py310hdb065b2_0
  - numpy-base=2.0.1=py310h65a83cf_1
  - openjpeg=2.5.2=hae555c5_0
  - openssl=3.5.6=hbb43b14_0
  - packaging=26.0=py310haa95532_0
  - pandas=2.3.3=py310h42c1672_1
  - pillow=11.1.0=py310h096bfcc_0
  - pip=26.0.1=pyhc872135_1
  - pycparser=3.0=py310haa95532_0
  - pysocks=1.7.1=py310haa95532_1
  - python=3.10.20=h1044e36_0
  - python-dateutil=2.9.0post0=py310haa95532_2
  - python-tzdata=2025.3=pyhd3eb1b0_0
  - pytz=2026.1.post1=py310haa95532_0
  - pyyaml=6.0.3=py310hb9a58be_0
  - requests=2.33.1=py310haa95532_0
  - scikit-learn=1.7.1=py310h3fbe716_0
  - scipy=1.15.3=py310h180bac5_0
  - six=1.17.0=py310haa95532_0
  - sqlite=3.51.2=hee5a0db_0
  - sympy=1.14.0=py310haa95532_1
  - tbb=2021.8.0=h59b6b97_0
  - threadpoolctl=3.5.0=py310h4442805_1
  - tk=8.6.15=hf199647_0
  - typing_extensions=4.15.0=py310haa95532_0
  - tzdata=2026a=he532380_0
  - ucrt=10.0.22621.0=haa95532_0
  - urllib3=2.6.3=py310haa95532_0
  - vc=14.3=h2df5915_10
  - vc14_runtime=14.44.35208=h4927774_10
  - vs2015_runtime=14.44.35208=ha6b5a95_10
  - wheel=0.46.3=py310haa95532_0
  - win_inet_pton=1.1.0=py310haa95532_1
  - xz=5.8.2=h53af0af_0
  - yaml=0.2.5=he774522_0
  - zlib=1.3.1=h02ab6af_0
  - zstd=1.5.7=h56299aa_0
  - pip:
      - python-dotenv
      - annotated-doc==0.0.4
      - anyio==4.13.0
      - blinker==1.9.0
      - certifi==2026.2.25
      - click==8.3.2
      - colorama==0.4.6
      - exceptiongroup==1.3.1
      - filelock==3.29.0
      - flask==3.1.3
      - fsspec==2026.3.0
      - h11==0.16.0
      - hf-xet==1.4.3
      - httpcore==1.0.9
      - httpx==0.28.1
      - huggingface-hub==1.11.0
      - iniconfig==2.3.0
      - itsdangerous==2.2.0
      - markdown-it-py==4.0.0
      - markupsafe==3.0.3
      - mdurl==0.1.2
      - numpy==2.2.6
      - pluggy==1.6.0
      - pygments==2.20.0 
      - pytest==9.0.3
      - regex==2026.4.4
      - rich==15.0.0
      - safetensors==0.7.0
      - setuptools==70.2.0
      - shellingham==1.5.4
      - tokenizers==0.22.2
      - tomli==2.4.1
      - torch==2.1.0
      - torchvision==0.16.0
      - tqdm==4.67.3
      - transformers==5.5.4
      - typer==0.24.1
      - werkzeug==3.1.8
prefix: C:\Anaconda3\envs\AI_X_env
